[[1,1,1],[1,1],[1,1,1],[1,1],[1,1,1]]
[[1,1,1],[1,1],[1,1,1],[1,1],[1,1,1]]

[[5,4,3,1],[3,7],[2,7],[1,4,3,3],[1,13],[12],[2,4,9],[1,8,1,2],[8,3],[8,1,2],[5,8],[1,7,5],[1,4,7],[2,7],[3,5,2],[5,6,1,1],[3,13,2],[2,1,8,6],[3,4,10],[17]]
[[5,8],[3,7],[2,3,2],[1,1,1,1,1],[1,2,2,2],[4],[1,1,4],[4,3,4],[10,2,1],[10,4],[1,3,6,5],[1,7,2,5],[2,8,6],[17,2],[10,8],[7,1,10],[3,4,6,4],[7,1,4,1,3],[14,3],[1,3,12]]

[[6],[10],[14],[5,2,5],[4,2,4],[3,2,3],[3,2,3],[3,2,3],[3,2,3],[3,2,3],[3,2,3],[3,4,3],[3,6,3],[3,8,3],[3,3,2,3,3],[3,3,2,3,3],[5,2,5],[4,2,4],[5,2,5],[14],[10],[6]]
[[6],[10],[14],[5,5],[4,4],[3,5],[3,3,3],[3,3,3],[3,3,3],[3,3,3],[22],[22],[3,3,3],[3,3,3],[3,3,3],[3,3,3],[3,5],[4,4],[5,5],[14],[10],[6]]

[[23,2],[19,2,2],[19,2],[18,2],[18,2],[17,1],[2,15,1,1],[3,18,1],[2,17,1],[1,16],[1,15],[1,12],[1,10],[1,2,7,1],[2,1,2,4,1],[5,3,2,1],[6,4,2],[7,5,2],[8,6,3],[8,2,2,2,3],[7,1,2,1,3],[6,1,4,2,4],[8,1,4,3,3],[8,1,5,5,2],[9,2,6,8,2],[11,2,7,13],[14,3,7,14],[15,3,8,13],[16,4,7,13],[20,7,16],[18,6,17],[17,5,17],[16,5,18],[3,12,5,18],[3,10,5,19],[3,8,5,19],[3,7,5,18],[5,6,18],[5,26],[5,26],[7,26],[7,26],[4,26],[3,26],[3,26],[3,26],[3,26],[3,26],[3,26],[3,26]]
[[2],[8],[13],[19,2],[23],[22],[20],[7,11],[4,10],[1,11],[1,10],[1,11],[11],[12,2],[16],[15],[15],[15],[8,7,1],[6,10],[4,8],[2,4,4],[3,5],[4,4],[7,12,23],[8,7,25],[9,4,27],[11,3,29],[13,33],[14,13,13],[15,9,12],[16,4,2,12],[16,18],[15,20],[14,21],[14,21],[13,1,21],[13,26],[12,26],[6,5,27],[6,4,27],[5,5,28],[3,3,29],[1,30],[2,26],[2,25],[1,1,25],[5,25],[5,34],[9,37]]

[[1,1],[1,1],[1,2,2],[6,1],[1,2,2,3],[2,2,5],[3,3,2],[2,3,1,4],[2,2,2,1],[1,1,2,2],[2,2,3],[3,1,1],[3,2],[2],[2]]
[[2],[2],[3],[2,6],[3,2],[2,3,1],[4,3,3],[2,2,2,2],[1,2,2,3],[1,2,2,2,1],[3,2,2],[1,8],[4,1],[1,1],[1,1]]

[[1,1,1],[2,3,2],[2,5,2],[2,7,2],[15],[13],[11],[11],[1,7,1],[2,1,2],[3,3,3],[13],[13],[6,6],[4,4]]
[[3],[5,5],[2,11],[4,5],[6,4],[7,4],[8,4],[13],[8,4],[7,4],[6,4],[4,5],[2,11],[5,5],[3]]

[[19],[2,9,2,2],[2,16],[1,20],[1,22],[1,8,1,10],[1,8,7,6],[20,4],[16,3,2],[7,5,4,2],[7,3,1,1,5],[7,4,4,1,1,2],[6,6,2,2,1,2],[7,3,12],[7,2,8,3],[4,1,7,2],[5,8,6],[4,8,7],[1,10,6],[1,11,5],[16,4],[1,8,4],[3,8,4],[1,8,4],[10,4],[7,4,1],[4,1,4,1],[6,1,1],[4,1,1,1],[2,1,1,2,1,1,1]]
[[4],[6],[8],[16],[2,11],[2,9,2],[1,7,8],[1,6,1,1],[1,6,3,3],[2,6,4,1,1],[2,6,4,1,3],[2,6,2,2,1],[9,1,3,4],[6,2,10,1],[5,3,11,2],[5,4,13,1],[12,13,1],[5,20,3],[1,3,22],[1,3,2,1,12,1,1],[8,1,10,1],[9,5,3,2,1],[1,4,8,3,1],[6,2,1,2,3],[6,10,4,2],[6,2,7,4],[6,5,9,3],[12,8],[8,7,5],[3,5]]

[[5],[8],[5,2],[1,2,5],[2,4,7],[9,8],[19],[17],[18],[6,13],[13],[13],[11,1],[6,4,1],[9,4,1],[13,4,1],[11,5,1],[7,8,1],[3,12,1],[2,12,1],[2,11,1],[2,11,1],[2,10,1],[2,10,1],[2,10,1],[2,11,1],[2,11],[2,4,2,2],[2,4,2],[2,4,2],[3,3,2],[2,4,1],[2,3,1],[2,6,1],[2,9]]
[[2,4,5],[3,1,20],[6,2,16],[2,5,3],[3,6,3],[10,4],[10,4],[2,5,3,4],[2,12,8,1],[1,11,8,2],[15,12,2],[14,15,2],[13,18],[12,18],[10,11,4],[27,1],[31],[22],[14,2],[5,2],[19]]

[[9],[11],[3,5],[3,5],[2,2,5],[2,1,2,5],[3,4,6],[3,13],[1,11],[7,8],[1,3,6],[3,7],[11],[10],[1,6],[1,5],[2,5],[1,5],[1,5],[2,7],[2,8],[3,9],[4,11],[4,11],[4,13],[5,14],[5,4,9],[3,2,4,9],[2,1,3,8],[2,2,7],[2,6],[2,5],[2,4],[2,4],[2,2,4],[8,1,3],[3,6,4],[1,2,1,2],[7,2],[8]]
[[2,4],[1,1,6],[1,1,6],[1,2,6],[1,1,1,8],[4,1,1,4,3],[7,1,2,4,2,2],[4,1,1,5,2,1,1],[3,4,1,2,4,2,2,1],[2,1,3,1,2,7,2,1,1],[2,5,3,9,3,1],[2,5,5,11,2,1],[2,19,1,1],[3,21,1,3],[28,3,1],[29,2,1],[13,13,1,1,1],[10,11,1,1,1],[7,11,2,1],[10,1,1],[9,2],[10,3],[10],[9],[5]]